1.333333365619182587e-02
0.000000000000000000e+00
1.333333365619182587e-02
1.333333365619182587e-02
0.000000000000000000e+00
1.333333365619182587e-02
1.333333365619182587e-02
0.000000000000000000e+00
2.666666731238365173e-02
0.000000000000000000e+00
1.333333365619182587e-02
0.000000000000000000e+00
0.000000000000000000e+00
1.333333365619182587e-02
0.000000000000000000e+00
0.000000000000000000e+00
1.333333365619182587e-02
1.333333365619182587e-02
0.000000000000000000e+00
0.000000000000000000e+00
1.333333365619182587e-02
1.333333365619182587e-02
0.000000000000000000e+00
1.333333365619182587e-02
3.999999910593032837e-02
0.000000000000000000e+00
0.000000000000000000e+00
0.000000000000000000e+00
0.000000000000000000e+00
0.000000000000000000e+00
0.000000000000000000e+00
0.000000000000000000e+00
0.000000000000000000e+00
0.000000000000000000e+00
0.000000000000000000e+00
1.333333365619182587e-02
0.000000000000000000e+00
0.000000000000000000e+00
0.000000000000000000e+00
0.000000000000000000e+00
0.000000000000000000e+00
0.000000000000000000e+00
0.000000000000000000e+00
0.000000000000000000e+00
1.333333365619182587e-02
1.333333365619182587e-02
0.000000000000000000e+00
0.000000000000000000e+00
0.000000000000000000e+00
0.000000000000000000e+00
0.000000000000000000e+00
0.000000000000000000e+00
0.000000000000000000e+00
0.000000000000000000e+00
0.000000000000000000e+00
0.000000000000000000e+00
0.000000000000000000e+00
0.000000000000000000e+00
0.000000000000000000e+00
0.000000000000000000e+00
0.000000000000000000e+00
0.000000000000000000e+00
0.000000000000000000e+00
0.000000000000000000e+00
1.333333365619182587e-02
0.000000000000000000e+00
0.000000000000000000e+00
0.000000000000000000e+00
0.000000000000000000e+00
0.000000000000000000e+00
2.666666731238365173e-02
1.333333365619182587e-02
0.000000000000000000e+00
0.000000000000000000e+00
0.000000000000000000e+00
